image: newmap.pgm
resolution: 0.050000
origin: [-2.541731, -4.447772, 0.000000]
negate: 0
occupied_thresh: 0.65
free_thresh: 0.196

